<svg
    xmlns="http://www.w3.org/2000/svg" 
    height="62.622px"
    width="72.309px"
    viewbox="0 0 72.309 62.622"
>
    <polygon
        style="fill:#b8acac;stroke:#000000;stroke-width:2px"
        points="71.131,31.311 53.631,61.622 18.631,61.622 1.131,31.311 18.631,1.000 53.631,1.000"
    />
    <path
        style="fill:#000000;stroke:#000000;stroke-width:0.25px"
        d="m 51.834,18.342 c -4.497,0.015 -8.994,0.292 -8.994,0.788 0,0 1.880,3.148 2.263,4.842 0.160,0.706 0.182,1.449 0,2.152 -0.462,1.784 -2.241,3.240 -2.716,5.022 -0.686,2.574 -0.836,5.324 -0.113,7.892 0.283,1.005 1.697,2.780 1.697,2.780 0,1.155 15.725,0.995 15.725,0 0,0 1.414,-1.775 1.697,-2.780 0.723,-2.567 0.573,-5.318 -0.113,-7.892 -0.475,-1.782 -2.255,-3.238 -2.717,-5.022 -0.182,-0.703 -0.160,-1.446 0,-2.152 0.383,-1.694 2.264,-4.842 2.264,-4.842 0,-0.554 -4.497,-0.802 -8.994,-0.788 z m -6.844,1.953 c 0,0 3.149,0.576 4.754,0.628 2.724,0.089 6.210,-0.345 8.150,-0.537 0,0 -4.758,1.331 -7.245,1.524 -1.167,0.090 -3.509,-0.179 -3.509,-0.179 0,0 2.760,4.278 2.491,6.547 -0.290,2.449 -3.457,4.179 -4.302,6.546 -0.721,2.019 -0.566,6.277 -0.566,6.277 0,0 -1.975,-4.570 -1.697,-6.905 0.153,-1.282 1.216,-2.389 1.811,-3.587 0.727,-1.462 2.023,-2.826 2.150,-4.394 C 47.190,24.218 45.216,20.385 45.216,20.385 L 44.990,20.295 Z"
    />
    <path
        style="fill:#000000;stroke:#000000;stroke-width:0.25px"
        d="m 28.778,20.160 c 0,0.467 -0.325,0.704 -0.980,0.704 -0.728,0 -1.096,-0.237 -1.096,-0.704 0,-2.170 -0.719,-3.933 -2.155,-5.289 -1.280,-1.150 -2.521,-1.724 -3.722,-1.724 -1.776,0 -2.886,0.704 -3.330,2.115 l -0.157,1.056 v 0.079 c 0,1.044 0.771,2.495 2.312,4.349 0.418,0.470 0.771,0.838 1.058,1.099 0.418,0.340 1.110,0.510 2.076,0.510 1.019,0 2.664,-0.197 4.937,-0.589 2.297,0.391 3.957,0.589 4.974,0.589 0.992,0 1.684,-0.170 2.076,-0.510 1.099,-0.968 2.012,-2.142 2.743,-3.526 0.419,-0.783 0.628,-1.423 0.628,-1.921 0,-1.645 -0.747,-2.677 -2.234,-3.095 -0.391,-0.103 -0.810,-0.155 -1.253,-0.155 -1.202,0 -2.431,0.586 -3.684,1.763 -1.463,1.305 -2.194,3.056 -2.194,5.250 m 8.503,-3.763 c 0,1.044 -0.719,2.273 -2.155,3.684 l -1.020,0.862 -0.391,0.234 c -0.498,0.079 -1.020,0.118 -1.566,0.118 -1.621,0 -2.431,-0.328 -2.431,-0.980 0.052,-2.012 0.652,-3.578 1.803,-4.701 0.992,-0.992 2.012,-1.490 3.056,-1.490 1.332,0 2.182,0.486 2.546,1.451 l 0.158,0.822 m -3.724,9.951 c 0,-0.677 -1.912,-1.017 -5.760,-1.017 -1.043,0 -1.970,0.039 -2.780,0.115 l -0.940,0.079 c -1.410,0.182 -2.115,0.446 -2.115,0.783 0,0.395 0.353,0.589 1.0579,0.589 l 4.742,-0.391 4.701,0.391 c 0.731,0 1.096,-0.182 1.096,-0.549 m 2.194,0.941 c -0.052,1.775 -2.716,2.664 -7.990,2.664 -5.225,0 -7.876,-0.889 -7.954,-2.665 -0.026,-1.672 -0.274,-3.159 -0.744,-4.467 -0.287,-0.704 -0.836,-1.605 -1.645,-2.701 -1.019,-1.384 -1.528,-2.613 -1.528,-3.684 0,-1.672 0.718,-2.965 2.155,-3.878 0.810,-0.522 1.711,-0.783 2.703,-0.784 1.358,0 2.651,0.496 3.879,1.488 0,-1.200 0.117,-2.023 0.353,-2.467 0.183,-0.496 0.783,-1.097 1.803,-1.802 V 8.092 L 25.174,7.112 V 5.702 h 1.449 l 0.470,-1.450 h 1.332 l 0.509,1.450 h 1.411 v 1.410 l -1.569 0.980 v 0.901 c 0.992,0.731 1.608,1.358 1.842,1.881 l 0.273,1.136 c 0.027,0.313 0.054,0.731 0.079,1.252 1.229,-0.991 2.495,-1.488 3.799,-1.488 1.751,0 3.111,0.666 4.076,1.997 0.549,0.783 0.822,1.672 0.822,2.664 0,1.071 -0.510,2.312 -1.526,3.724 l -0.901,1.253 c -0.968,1.463 -1.463,3.420 -1.490,5.875 M 18.240,16.397 c 0,-1.096 0.548,-1.803 1.645,-2.115 0.313,-0.103 0.60,-0.158 0.979,-0.158 1.097,0 2.142,0.498 3.134,1.490 1.123,1.150 1.711,2.716 1.763,4.701 0.027,0.577 -0.574,0.901 -1.802,0.980 h -0.588 c -0.523,0 -1.058,-0.039 -1.606,-0.118 -0.862,-0.416 -1.724,-1.241 -2.586,-2.467 -0.627,-0.913 -0.940,-1.684 -0.940,-2.312"
    />
    <path
        style="fill:#000000;stroke:#000000;stroke-width:0.25px"
        d="m 39.894,41.231 -7.723,5.817 2.770,9.263 -7.918,-5.547 -7.953,5.497 2.829,-9.245 -7.686,-5.865 9.667,-0.166 3.203,-9.122 3.145,9.142 z"
    />
</svg>