<svg
    xmlns="http://www.w3.org/2000/svg" 
    height="62.622px"
    width="72.309px"
    viewbox="0 0 72.309 62.622"
>
    <circle
        style="fill:#f5ff00;stroke:#000000;stroke-width:1px"
        cy="31.311"
        cx="36.155"
        r="28"
    />
    <path
        style="fill:#000000;stroke:#000000;stroke-width:0.25px"
        d="m 37.862,35.477 c 0,0.799 -0.555,1.204 -1.676,1.204 -1.245,0 -1.873,-0.405 -1.873,-1.204 0,-3.710 -1.230,-6.725 -3.684,-9.045 -2.189,-1.967 -4.310,-2.948 -6.365,-2.948 -3.037,0 -4.935,1.204 -5.694,3.617 L 18.301,28.908 v 0.135 c 0,1.785 1.318,4.266 3.953,7.436 0.715,0.804 1.318,1.432 1.809,1.879 0.715,0.581 1.898,0.872 3.550,0.872 1.742,0 4.556,-0.337 8.443,-1.007 3.928,0.669 6.767,1.007 8.505,1.007 1.697,0 2.880,-0.291 3.549,-0.872 1.879,-1.655 3.440,-3.664 4.691,-6.030 0.716,-1.339 1.074,-2.434 1.074,-3.285 0,-2.813 -1.277,-4.577 -3.819,-5.293 -0.669,-0.176 -1.386,-0.265 -2.143,-0.265 -2.055,0 -4.157,1.002 -6.300,3.015 -2.501,2.231 -3.752,5.226 -3.752,8.977 M 52.403,29.043 c 0,1.785 -1.230,3.887 -3.684,6.300 l -1.744,1.474 -0.670,0.400 c -0.851,0.135 -1.744,0.202 -2.678,0.202 -2.771,0 -4.157,-0.560 -4.157,-1.676 0.088,-3.440 1.116,-6.118 3.082,-8.038 1.697,-1.697 3.440,-2.548 5.226,-2.548 2.278,0 3.731,0.830 4.354,2.480 l 0.270,1.406 m -6.367,17.016 c 0,-1.157 -3.280,-1.738 -9.849,-1.738 -1.785,0 -3.368,0.067 -4.754,0.197 l -1.608,0.135 c -2.411,0.311 -3.617,0.763 -3.617,1.339 0,0.675 0.603,1.007 1.809,1.007 l 8.108,-0.669 8.038,0.669 c 1.251,0 1.873,-0.311 1.873,-0.939 m 3.752,1.609 c -0.088,3.036 -4.644,4.556 -13.663,4.556 -8.934,0 -13.467,-1.520 -13.602,-4.556 -0.045,-2.859 -0.469,-5.402 -1.273,-7.639 -0.491,-1.204 -1.429,-2.745 -2.814,-4.618 -1.742,-2.366 -2.613,-4.468 -2.613,-6.300 0,-2.859 1.228,-5.070 3.684,-6.632 1.384,-0.893 2.925,-1.340 4.623,-1.340 2.322,0 4.533,0.849 6.632,2.544 0,-2.052 0.201,-3.459 0.603,-4.218 0.312,-0.849 1.339,-1.876 3.082,-3.082 v -1.541 l -2.748,-1.675 v -2.411 h 2.478 l 0.804,-2.479 h 2.278 l 0.872,2.479 h 2.413 v 2.411 l -2.683,1.675 v 1.541 c 1.697,1.251 2.750,2.323 3.150,3.216 l 0.467,1.943 c 0.046,0.536 0.093,1.251 0.135,2.142 2.102,-1.695 4.266,-2.544 6.497,-2.544 2.994,0 5.319,1.139 6.969,3.416 0.939,1.339 1.406,2.859 1.406,4.556 0,1.832 -0.872,3.954 -2.610,6.367 l -1.541,2.143 C 50.680,40.122 49.834,43.469 49.787,47.667 M 19.843,29.043 c 0,-1.873 0.938,-3.082 2.814,-3.617 0.536,-0.176 1.094,-0.270 1.675,-0.270 1.876,0 3.663,0.851 5.359,2.548 1.921,1.967 2.926,4.644 3.014,8.038 0.046,0.986 -0.982,1.541 -3.081,1.676 h -1.005 c -0.894,0 -1.809,-0.067 -2.747,-0.202 -1.474,-0.711 -2.948,-2.122 -4.422,-4.219 -1.072,-1.562 -1.608,-2.880 -1.608,-3.954"
    />
</svg>